3.74615990351
9.33547399394
19.0231858526
33.7896924056
54.1672176036
80.1048945872
111.020678557
145.927052363
183.607394317
222.786276558
262.265742758
301.014800087
338.214322831
373.26631055
405.778919582
435.537716693
462.471323982
486.617014511
508.089554687
527.054872735
543.708977088
558.261853993
570.925717757
581.90685549
591.400311836
599.586734308
606.630805156
612.680796258
617.868885915
622.311964703
626.112729921
629.360925492
632.134628225
634.501514459
636.520065296
638.240686087
639.706727954
640.955407454
642.018625906
642.923693306
643.693963712
644.349389922
644.907005582