8.18921720554
37.5247211134
129.836572755
352.650998757
815.011712534
1623.22972388
2909.59084732
4721.86729683
7128.69254988
10051.725521
13473.367068
17216.5203545
21226.608799
25299.1599628
29395.3543144
33342.2749036
37136.1426775
40656.8474272
43933.5996957
46893.1951632
49584.5649402
51969.0813087
54101.3077782
55964.5678319
57610.7200351
59034.9578412
60282.3606358
61353.9779206
62286.6028744
63083.7691625
63774.3693506
64362.5171776
64870.3604702
65301.7479456
65673.327669
65988.3946092
66259.2990171
66488.7040474
66685.6992571
66852.3662631
66995.3490372
67116.2440182
67219.885025
67307.4782454
67382.5304052
67445.9432544
67500.2550203
67546.1356935
67585.4193277
67618.6010592
67647.0048774
67670.9953333
67691.5274251
67708.8688338
67723.7081151
67736.2413906
67746.9649207
67756.0222041
67763.7708345
67770.3156589
67775.9143425
67780.6434072
67784.6884961
67788.105433
67791.0279601
67793.4967659
67795.6082181
67797.3919522
67798.9174028
67800.2061536
67801.3082328
67802.2393494
67803.035556
67803.7082817
67804.2835071